0 9992984
0.002 3
0.004 4
0.006 3
0.008 8
0.01 4
0.012 5
0.014 3
0.016 5
0.018 5
0.02 6
0.022 4
0.024 6
0.026 1
0.028 2
0.03 6
0.032 3
0.034 7
0.036 6
0.038 4
0.04 2
0.042 4
0.044 4
0.046 3
0.048 2
0.05 3
0.052 12
0.054 4
0.056 6
0.058 4
0.06 3
0.062 6
0.064 5
0.066 6
0.068 4
0.07 3
0.072 4
0.074 2
0.076 3
0.078 8
0.08 4
0.082 6
0.084 2
0.086 6
0.088 3
0.09 5
0.092 5
0.094 5
0.096 1
0.098 6
0.1 4
0.102 4
0.104 5
0.106 3
0.108 3
0.11 4
0.112 7
0.114 1
0.116 1
0.118 4
0.12 4
0.122 7
0.124 3
0.126 5
0.128 5
0.13 2
0.132 3
0.134 6
0.136 4
0.138 5
0.14 4
0.142 3
0.144 5
0.146 6
0.148 6
0.15 4
0.152 4
0.154 3
0.156 6
0.158 8
0.16 2
0.162 5
0.164 1
0.166 7
0.168 4
0.17 6
0.172 5
0.174 5
0.176 5
0.178 6
0.18 7
0.182 3
0.184 7
0.186 7
0.188 6
0.19 6
0.192 4
0.194 5
0.196 3
0.198 8
0.2 7
0.202 7
0.204 7
0.206 7
0.208 6
0.21 3
0.212 9
0.214 9
0.216 11
0.218 9
0.22 3
0.222 9
0.224 13
0.226 9
0.228 10
0.23 4
0.232 3
0.234 4
0.236 10
0.238 9
0.24 8
0.242 9
0.244 6
0.246 9
0.248 3
0.25 5
0.252 5
0.254 7
0.256 7
0.258 9
0.26 9
0.262 4
0.264 5
0.266 4
0.268 10
0.27 5
0.272 4
0.274 3
0.276 6
0.278 6
0.28 2
0.282 4
0.284 8
0.286 2
0.288 4
0.29 6
0.292 13
0.294 5
0.296 7
0.298 7
0.3 5
0.302 8
0.304 10
0.306 6
0.308 6
0.31 8
0.312 5
0.314 12
0.316 7
0.318 5
0.32 11
0.322 6
0.324 10
0.326 4
0.328 8
0.33 8
0.332 6
0.334 6
0.336 6
0.338 4
0.34 10
0.342 3
0.344 2
0.346 5
0.348 5
0.35 9
0.352 6
0.354 3
0.356 10
0.358 9
0.36 6
0.362 7
0.364 3
0.366 10
0.368 4
0.37 7
0.372 5
0.374 4
0.376 9
0.378 3
0.38 10
0.382 4
0.384 3
0.386 10
0.388 5
0.39 7
0.392 8
0.394 4
0.396 4
0.398 7
0.4 5
0.402 7
0.404 4
0.406 6
0.408 5
0.41 3
0.412 10
0.414 7
0.416 9
0.418 9
0.42 8
0.422 0
0.424 6
0.426 6
0.428 7
0.43 4
0.432 4
0.434 8
0.436 7
0.438 4
0.44 7
0.442 4
0.444 8
0.446 3
0.448 6
0.45 7
0.452 3
0.454 7
0.456 7
0.458 10
0.46 7
0.462 6
0.464 7
0.466 8
0.468 12
0.47 5
0.472 7
0.474 4
0.476 8
0.478 4
0.48 6
0.482 6
0.484 8
0.486 4
0.488 10
0.49 7
0.492 6
0.494 7
0.496 9
0.498 6
0.5 6
0.502 9
0.504 2
0.506 7
0.508 3
0.51 4
0.512 9
0.514 4
0.516 10
0.518 6
0.52 5
0.522 8
0.524 15
0.526 7
0.528 7
0.53 9
0.532 7
0.534 11
0.536 3
0.538 10
0.54 2
0.542 9
0.544 4
0.546 7
0.548 12
0.55 6
0.552 10
0.554 5
0.556 7
0.558 8
0.56 9
0.562 5
0.564 10
0.566 7
0.568 9
0.57 6
0.572 5
0.574 10
0.576 4
0.578 7
0.58 7
0.582 5
0.584 10
0.586 1
0.588 8
0.59 7
0.592 6
0.594 7
0.596 4
0.598 8
0.6 11
0.602 4
0.604 9
0.606 3
0.608 11
0.61 8
0.612 8
0.614 2
0.616 10
0.618 5
0.62 13
0.622 6
0.624 6
0.626 10
0.628 4
0.63 7
0.632 11
0.634 10
0.636 2
0.638 8
0.64 5
0.642 5
0.644 7
0.646 10
0.648 8
0.65 5
0.652 6
0.654 13
0.656 7
0.658 9
0.66 6
0.662 11
0.664 4
0.666 9
0.668 6
0.67 10
0.672 5
0.674 6
0.676 4
0.678 8
0.68 6
0.682 6
0.684 7
0.686 5
0.688 4
0.69 9
0.692 7
0.694 7
0.696 5
0.698 10
0.7 6
0.702 6
0.704 12
0.706 7
0.708 14
0.71 6
0.712 7
0.714 9
0.716 5
0.718 6
0.72 9
0.722 7
0.724 7
0.726 17
0.728 7
0.73 11
0.732 7
0.734 14
0.736 12
0.738 7
0.74 17
0.742 10
0.744 5
0.746 8
0.748 7
0.75 8
0.752 10
0.754 8
0.756 9
0.758 7
0.76 5
0.762 10
0.764 11
0.766 9
0.768 10
0.77 7
0.772 8
0.774 13
0.776 7
0.778 9
0.78 9
0.782 10
0.784 11
0.786 7
0.788 11
0.79 8
0.792 8
0.794 15
0.796 13
0.798 15
0.8 9
0.802 9
0.804 12
0.806 11
0.808 8
0.81 8
0.812 8
0.814 9
0.816 11
0.818 11
0.82 12
0.822 17
0.824 6
0.826 11
0.828 13
0.83 8
0.832 11
0.834 14
0.836 17
0.838 13
0.84 9
0.842 11
0.844 16
0.846 9
0.848 13
0.85 9
0.852 10
0.854 13
0.856 12
0.858 15
0.86 14
0.862 14
0.864 13
0.866 12
0.868 12
0.87 13
0.872 8
0.874 7
0.876 10
0.878 10
0.88 15
0.882 7
0.884 7
0.886 15
0.888 17
0.89 14
0.892 6
0.894 6
0.896 9
0.898 21
0.9 9
0.902 13
0.904 9
0.906 14
0.908 17
0.91 7
0.912 14
0.914 15
0.916 12
0.918 21
0.92 6
0.922 19
0.924 12
0.926 15
0.928 10
0.93 12
0.932 17
0.934 16
0.936 12
0.938 14
0.94 9
0.942 17
0.944 14
0.946 16
0.948 15
0.95 23
0.952 19
0.954 12
0.956 11
0.958 11
0.96 14
0.962 13
0.964 18
0.966 16
0.968 15
0.97 17
0.972 15
0.974 16
0.976 20
0.978 16
0.98 16
0.982 16
0.984 11
0.986 8
0.988 18
0.99 11
0.992 18
0.994 12
0.996 12
0.998 11
1 15
1.002 21
1.004 21
1.006 14
1.008 15
1.01 14
1.012 15
1.014 15
1.016 22
1.018 24
1.02 14
1.022 18
1.024 15
1.026 13
1.028 14
1.03 11
1.032 23
1.034 15
1.036 15
1.038 18
1.04 9
1.042 9
1.044 5
1.046 9
1.048 4
1.05 5
1.052 9
1.054 7
1.056 5
1.058 5
1.06 7
1.062 4
1.064 4
1.066 4
1.068 3
1.07 1
1.072 8
1.074 5
1.076 3
1.078 2
1.08 1
1.082 3
1.084 7
1.086 1
1.088 2
1.09 1
1.092 4
1.094 2
1.096 4
1.098 2
1.1 0
1.102 4
1.104 0
1.106 4
1.108 0
1.11 2
1.112 1
1.114 2
1.116 2
1.118 0
1.12 2
1.122 2
1.124 0
1.126 1
1.128 1
1.13 1
1.132 1
1.134 3
1.136 0
1.138 1
1.14 1
1.142 1
1.144 0
1.146 0
1.148 0
1.15 0
1.152 1
1.154 0
1.156 0
1.158 0
1.16 1
1.162 1
1.164 0
1.166 0
1.168 0
1.17 1
1.172 0
1.174 0
1.176 0
1.178 1
1.18 0
1.182 0
1.184 0
1.186 0
1.188 0
1.19 0
1.192 0
1.194 1
1.196 0
1.198 0
1.2 0
1.202 0
1.204 0
1.206 0
1.208 0
1.21 0
1.212 0
1.214 0
1.216 0
1.218 0
1.22 0
1.222 0
1.224 0
1.226 0
1.228 0
1.23 0
1.232 0
1.234 0
1.236 0
1.238 0
1.24 0
1.242 0
1.244 0
1.246 0
1.248 0
1.25 2581
1.252 79
1.254 0
1.256 0
1.258 0
1.26 0
1.262 0
1.264 0
1.266 0
1.268 0
1.27 0
1.272 0
1.274 0
1.276 0
1.278 0
1.28 0
1.282 0
1.284 0
1.286 0
1.288 0
1.29 0
1.292 0
1.294 0
1.296 0
1.298 0
1.3 0
1.302 0
1.304 0
1.306 0
1.308 0
1.31 0
1.312 0
1.314 0
1.316 0
1.318 0
1.32 0
1.322 0
1.324 0
1.326 0
1.328 0
1.33 0
1.332 0
1.334 0
1.336 0
1.338 0
1.34 0
1.342 0
1.344 0
1.346 0
1.348 0
1.35 0
1.352 0
1.354 0
1.356 0
1.358 0
1.36 0
1.362 0
1.364 0
1.366 0
1.368 0
1.37 0
1.372 0
1.374 0
1.376 0
1.378 0
1.38 0
1.382 0
1.384 0
1.386 0
1.388 0
1.39 0
1.392 0
1.394 0
1.396 0
1.398 0
1.4 0
1.402 0
1.404 0
1.406 0
1.408 0
1.41 0
1.412 0
1.414 0
1.416 0
1.418 0
1.42 0
1.422 0
1.424 0
1.426 0
1.428 0
1.43 0
1.432 0
1.434 0
1.436 0
1.438 0
1.44 0
1.442 0
1.444 0
1.446 0
1.448 0
1.45 0
1.452 0
1.454 0
1.456 0
1.458 0
1.46 0
1.462 0
1.464 0
1.466 0
1.468 0
1.47 0
1.472 0
1.474 0
1.476 0
1.478 0
1.48 0
1.482 0
1.484 0
1.486 0
1.488 0
1.49 0
1.492 0
1.494 0
1.496 0
1.498 0
1.5 0
1.502 0
1.504 0
1.506 0
1.508 0
1.51 0
1.512 0
1.514 0
1.516 0
1.518 0
1.52 0
1.522 0
1.524 0
1.526 0
1.528 0
1.53 0
1.532 0
1.534 0
1.536 0
1.538 0
1.54 0
1.542 0
1.544 0
1.546 0
1.548 0
1.55 0
1.552 0
1.554 0
1.556 0
1.558 0
1.56 0
1.562 0
1.564 0
1.566 0
1.568 0
1.57 0
1.572 0
1.574 0
1.576 0
1.578 0
1.58 0
1.582 0
1.584 0
1.586 0
1.588 0
1.59 0
1.592 0
1.594 0
1.596 0
1.598 0
1.6 0
1.602 0
1.604 0
1.606 0
1.608 0
1.61 0
1.612 0
1.614 0
1.616 0
1.618 0
1.62 0
1.622 0
1.624 0
1.626 0
1.628 0
1.63 0
1.632 0
1.634 0
1.636 0
1.638 0
1.64 0
1.642 0
1.644 0
1.646 0
1.648 0
1.65 0
1.652 0
1.654 0
1.656 0
1.658 0
1.66 0
1.662 0
1.664 0
1.666 0
1.668 0
1.67 0
1.672 0
1.674 0
1.676 0
1.678 0
1.68 0
1.682 0
1.684 0
1.686 0
1.688 0
1.69 0
1.692 0
1.694 0
1.696 0
1.698 0
1.7 0
1.702 0
1.704 0
1.706 0
1.708 0
1.71 0
1.712 0
1.714 0
1.716 0
1.718 0
1.72 0
1.722 0
1.724 0
1.726 0
1.728 0
1.73 0
1.732 0
1.734 0
1.736 0
1.738 0
1.74 0
1.742 0
1.744 0
1.746 0
1.748 0
1.75 0
1.752 0
1.754 0
1.756 0
1.758 0
1.76 0
1.762 0
1.764 0
1.766 0
1.768 0
1.77 0
1.772 0
1.774 0
1.776 0
1.778 0
1.78 0
1.782 0
1.784 0
1.786 0
1.788 0
1.79 0
1.792 0
1.794 0
1.796 0
1.798 0
1.8 0
1.802 0
1.804 0
1.806 0
1.808 0
1.81 0
1.812 0
1.814 0
1.816 0
1.818 0
1.82 0
1.822 0
1.824 0
1.826 0
1.828 0
1.83 0
1.832 0
1.834 0
1.836 0
1.838 0
1.84 0
1.842 0
1.844 0
1.846 0
1.848 0
1.85 0
1.852 0
1.854 0
1.856 0
1.858 0
1.86 0
1.862 0
1.864 0
1.866 0
1.868 0
1.87 0
1.872 0
1.874 0
1.876 0
1.878 0
1.88 0
1.882 0
1.884 0
1.886 0
1.888 0
1.89 0
1.892 0
1.894 0
1.896 0
1.898 0
1.9 0
1.902 0
1.904 0
1.906 0
1.908 0
1.91 0
1.912 0
1.914 0
1.916 0
1.918 0
1.92 0
1.922 0
1.924 0
1.926 0
1.928 0
1.93 0
1.932 0
1.934 0
1.936 0
1.938 0
1.94 0
1.942 0
1.944 0
1.946 0
1.948 0
1.95 0
1.952 0
1.954 0
1.956 0
1.958 0
1.96 0
1.962 0
1.964 0
1.966 0
1.968 0
1.97 0
1.972 0
1.974 0
1.976 0
1.978 0
1.98 0
1.982 0
1.984 0
1.986 0
1.988 0
1.99 0
1.992 0
1.994 0
1.996 0
1.998 0
