0 9993330
0.002 8
0.004 3
0.006 5
0.008 8
0.01 7
0.012 4
0.014 6
0.016 7
0.018 3
0.02 8
0.022 7
0.024 10
0.026 7
0.028 7
0.03 7
0.032 2
0.034 4
0.036 7
0.038 4
0.04 7
0.042 7
0.044 5
0.046 2
0.048 7
0.05 6
0.052 6
0.054 4
0.056 4
0.058 5
0.06 5
0.062 5
0.064 5
0.066 5
0.068 8
0.07 4
0.072 7
0.074 6
0.076 8
0.078 4
0.08 3
0.082 6
0.084 9
0.086 4
0.088 2
0.09 3
0.092 5
0.094 5
0.096 8
0.098 4
0.1 6
0.102 2
0.104 7
0.106 8
0.108 5
0.11 5
0.112 5
0.114 7
0.116 4
0.118 5
0.12 5
0.122 2
0.124 4
0.126 8
0.128 6
0.13 3
0.132 5
0.134 5
0.136 6
0.138 7
0.14 7
0.142 2
0.144 6
0.146 9
0.148 5
0.15 6
0.152 6
0.154 4
0.156 6
0.158 5
0.16 2
0.162 2
0.164 3
0.166 3
0.168 8
0.17 12
0.172 6
0.174 1
0.176 7
0.178 7
0.18 6
0.182 5
0.184 5
0.186 2
0.188 8
0.19 5
0.192 4
0.194 3
0.196 1
0.198 3
0.2 10
0.202 7
0.204 7
0.206 4
0.208 8
0.21 4
0.212 4
0.214 4
0.216 6
0.218 5
0.22 3
0.222 10
0.224 4
0.226 5
0.228 9
0.23 8
0.232 6
0.234 4
0.236 7
0.238 7
0.24 6
0.242 6
0.244 13
0.246 12
0.248 4
0.25 6
0.252 9
0.254 4
0.256 3
0.258 5
0.26 7
0.262 4
0.264 9
0.266 7
0.268 6
0.27 6
0.272 1
0.274 6
0.276 5
0.278 7
0.28 4
0.282 4
0.284 7
0.286 2
0.288 3
0.29 3
0.292 6
0.294 8
0.296 9
0.298 9
0.3 4
0.302 2
0.304 4
0.306 3
0.308 7
0.31 7
0.312 3
0.314 7
0.316 6
0.318 6
0.32 7
0.322 9
0.324 3
0.326 6
0.328 9
0.33 7
0.332 6
0.334 7
0.336 4
0.338 9
0.34 4
0.342 15
0.344 6
0.346 5
0.348 6
0.35 6
0.352 3
0.354 3
0.356 11
0.358 6
0.36 3
0.362 5
0.364 8
0.366 3
0.368 10
0.37 5
0.372 8
0.374 9
0.376 9
0.378 7
0.38 7
0.382 4
0.384 5
0.386 5
0.388 9
0.39 9
0.392 5
0.394 6
0.396 4
0.398 12
0.4 5
0.402 7
0.404 7
0.406 4
0.408 11
0.41 10
0.412 2
0.414 7
0.416 7
0.418 5
0.42 10
0.422 9
0.424 8
0.426 10
0.428 5
0.43 4
0.432 8
0.434 5
0.436 6
0.438 8
0.44 5
0.442 7
0.444 7
0.446 6
0.448 7
0.45 4
0.452 6
0.454 6
0.456 8
0.458 6
0.46 6
0.462 6
0.464 3
0.466 9
0.468 4
0.47 5
0.472 3
0.474 8
0.476 2
0.478 10
0.48 10
0.482 10
0.484 7
0.486 8
0.488 9
0.49 6
0.492 7
0.494 8
0.496 9
0.498 7
0.5 6
0.502 6
0.504 8
0.506 5
0.508 10
0.51 9
0.512 11
0.514 10
0.516 6
0.518 7
0.52 8
0.522 12
0.524 10
0.526 6
0.528 5
0.53 6
0.532 5
0.534 7
0.536 4
0.538 5
0.54 8
0.542 8
0.544 11
0.546 4
0.548 6
0.55 7
0.552 11
0.554 7
0.556 5
0.558 3
0.56 10
0.562 9
0.564 14
0.566 6
0.568 7
0.57 7
0.572 4
0.574 4
0.576 9
0.578 3
0.58 12
0.582 10
0.584 4
0.586 11
0.588 9
0.59 7
0.592 5
0.594 7
0.596 5
0.598 13
0.6 7
0.602 8
0.604 9
0.606 8
0.608 11
0.61 11
0.612 7
0.614 8
0.616 8
0.618 10
0.62 11
0.622 8
0.624 7
0.626 11
0.628 8
0.63 6
0.632 7
0.634 10
0.636 6
0.638 7
0.64 5
0.642 8
0.644 12
0.646 4
0.648 7
0.65 9
0.652 5
0.654 9
0.656 8
0.658 6
0.66 12
0.662 8
0.664 10
0.666 12
0.668 10
0.67 10
0.672 6
0.674 10
0.676 5
0.678 9
0.68 7
0.682 7
0.684 7
0.686 7
0.688 10
0.69 3
0.692 3
0.694 8
0.696 7
0.698 6
0.7 8
0.702 8
0.704 8
0.706 11
0.708 8
0.71 9
0.712 9
0.714 4
0.716 4
0.718 6
0.72 5
0.722 4
0.724 8
0.726 8
0.728 9
0.73 6
0.732 9
0.734 11
0.736 10
0.738 6
0.74 18
0.742 11
0.744 9
0.746 8
0.748 4
0.75 3
0.752 10
0.754 14
0.756 10
0.758 6
0.76 12
0.762 10
0.764 15
0.766 6
0.768 10
0.77 6
0.772 7
0.774 11
0.776 12
0.778 6
0.78 11
0.782 17
0.784 14
0.786 6
0.788 13
0.79 14
0.792 12
0.794 10
0.796 12
0.798 7
0.8 11
0.802 10
0.804 12
0.806 9
0.808 3
0.81 14
0.812 9
0.814 8
0.816 8
0.818 3
0.82 9
0.822 9
0.824 4
0.826 11
0.828 9
0.83 10
0.832 6
0.834 5
0.836 10
0.838 5
0.84 11
0.842 15
0.844 14
0.846 14
0.848 5
0.85 12
0.852 10
0.854 11
0.856 9
0.858 9
0.86 6
0.862 8
0.864 11
0.866 9
0.868 11
0.87 8
0.872 7
0.874 10
0.876 12
0.878 14
0.88 15
0.882 14
0.884 10
0.886 15
0.888 12
0.89 15
0.892 7
0.894 17
0.896 14
0.898 4
0.9 11
0.902 9
0.904 7
0.906 12
0.908 11
0.91 6
0.912 10
0.914 11
0.916 11
0.918 18
0.92 11
0.922 13
0.924 15
0.926 7
0.928 12
0.93 13
0.932 15
0.934 15
0.936 17
0.938 12
0.94 11
0.942 18
0.944 8
0.946 12
0.948 11
0.95 10
0.952 11
0.954 15
0.956 11
0.958 12
0.96 12
0.962 14
0.964 17
0.966 14
0.968 15
0.97 13
0.972 18
0.974 12
0.976 14
0.978 14
0.98 11
0.982 17
0.984 22
0.986 16
0.988 16
0.99 10
0.992 11
0.994 14
0.996 9
0.998 16
1 12
1.002 17
1.004 14
1.006 17
1.008 10
1.01 15
1.012 15
1.014 24
1.016 12
1.018 16
1.02 20
1.022 11
1.024 20
1.026 9
1.028 23
1.03 9
1.032 17
1.034 14
1.036 11
1.038 11
1.04 3
1.042 8
1.044 8
1.046 3
1.048 6
1.05 4
1.052 5
1.054 9
1.056 8
1.058 6
1.06 5
1.062 5
1.064 5
1.066 6
1.068 7
1.07 3
1.072 7
1.074 2
1.076 5
1.078 5
1.08 2
1.082 3
1.084 2
1.086 4
1.088 5
1.09 3
1.092 2
1.094 1
1.096 3
1.098 1
1.1 2
1.102 1
1.104 0
1.106 0
1.108 3
1.11 3
1.112 1
1.114 0
1.116 3
1.118 1
1.12 1
1.122 0
1.124 1
1.126 1
1.128 1
1.13 1
1.132 0
1.134 1
1.136 0
1.138 0
1.14 1
1.142 0
1.144 0
1.146 0
1.148 0
1.15 0
1.152 0
1.154 0
1.156 0
1.158 0
1.16 0
1.162 0
1.164 0
1.166 0
1.168 0
1.17 0
1.172 0
1.174 0
1.176 0
1.178 0
1.18 0
1.182 0
1.184 0
1.186 0
1.188 0
1.19 0
1.192 0
1.194 0
1.196 0
1.198 0
1.2 0
1.202 0
1.204 0
1.206 0
1.208 0
1.21 0
1.212 0
1.214 0
1.216 0
1.218 0
1.22 0
1.222 0
1.224 0
1.226 0
1.228 0
1.23 0
1.232 0
1.234 0
1.236 0
1.238 0
1.24 0
1.242 0
1.244 0
1.246 0
1.248 0
1.25 2246
1.252 130
1.254 0
1.256 0
1.258 0
1.26 0
1.262 0
1.264 0
1.266 0
1.268 0
1.27 0
1.272 0
1.274 0
1.276 0
1.278 0
1.28 0
1.282 0
1.284 0
1.286 0
1.288 0
1.29 0
1.292 0
1.294 0
1.296 0
1.298 0
1.3 0
1.302 0
1.304 0
1.306 0
1.308 0
1.31 0
1.312 0
1.314 0
1.316 0
1.318 0
1.32 0
1.322 0
1.324 0
1.326 0
1.328 0
1.33 0
1.332 0
1.334 0
1.336 0
1.338 0
1.34 0
1.342 0
1.344 0
1.346 0
1.348 0
1.35 0
1.352 0
1.354 0
1.356 0
1.358 0
1.36 0
1.362 0
1.364 0
1.366 0
1.368 0
1.37 0
1.372 0
1.374 0
1.376 0
1.378 0
1.38 0
1.382 0
1.384 0
1.386 0
1.388 0
1.39 0
1.392 0
1.394 0
1.396 0
1.398 0
1.4 0
1.402 0
1.404 0
1.406 0
1.408 0
1.41 0
1.412 0
1.414 0
1.416 0
1.418 0
1.42 0
1.422 0
1.424 0
1.426 0
1.428 0
1.43 0
1.432 0
1.434 0
1.436 0
1.438 0
1.44 0
1.442 0
1.444 0
1.446 0
1.448 0
1.45 0
1.452 0
1.454 0
1.456 0
1.458 0
1.46 0
1.462 0
1.464 0
1.466 0
1.468 0
1.47 0
1.472 0
1.474 0
1.476 0
1.478 0
1.48 0
1.482 0
1.484 0
1.486 0
1.488 0
1.49 0
1.492 0
1.494 0
1.496 0
1.498 0
1.5 0
1.502 0
1.504 0
1.506 0
1.508 0
1.51 0
1.512 0
1.514 0
1.516 0
1.518 0
1.52 0
1.522 0
1.524 0
1.526 0
1.528 0
1.53 0
1.532 0
1.534 0
1.536 0
1.538 0
1.54 0
1.542 0
1.544 0
1.546 0
1.548 0
1.55 0
1.552 0
1.554 0
1.556 0
1.558 0
1.56 0
1.562 0
1.564 0
1.566 0
1.568 0
1.57 0
1.572 0
1.574 0
1.576 0
1.578 0
1.58 0
1.582 0
1.584 0
1.586 0
1.588 0
1.59 0
1.592 0
1.594 0
1.596 0
1.598 0
1.6 0
1.602 0
1.604 0
1.606 0
1.608 0
1.61 0
1.612 0
1.614 0
1.616 0
1.618 0
1.62 0
1.622 0
1.624 0
1.626 0
1.628 0
1.63 0
1.632 0
1.634 0
1.636 0
1.638 0
1.64 0
1.642 0
1.644 0
1.646 0
1.648 0
1.65 0
1.652 0
1.654 0
1.656 0
1.658 0
1.66 0
1.662 0
1.664 0
1.666 0
1.668 0
1.67 0
1.672 0
1.674 0
1.676 0
1.678 0
1.68 0
1.682 0
1.684 0
1.686 0
1.688 0
1.69 0
1.692 0
1.694 0
1.696 0
1.698 0
1.7 0
1.702 0
1.704 0
1.706 0
1.708 0
1.71 0
1.712 0
1.714 0
1.716 0
1.718 0
1.72 0
1.722 0
1.724 0
1.726 0
1.728 0
1.73 0
1.732 0
1.734 0
1.736 0
1.738 0
1.74 0
1.742 0
1.744 0
1.746 0
1.748 0
1.75 0
1.752 0
1.754 0
1.756 0
1.758 0
1.76 0
1.762 0
1.764 0
1.766 0
1.768 0
1.77 0
1.772 0
1.774 0
1.776 0
1.778 0
1.78 0
1.782 0
1.784 0
1.786 0
1.788 0
1.79 0
1.792 0
1.794 0
1.796 0
1.798 0
1.8 0
1.802 0
1.804 0
1.806 0
1.808 0
1.81 0
1.812 0
1.814 0
1.816 0
1.818 0
1.82 0
1.822 0
1.824 0
1.826 0
1.828 0
1.83 0
1.832 0
1.834 0
1.836 0
1.838 0
1.84 0
1.842 0
1.844 0
1.846 0
1.848 0
1.85 0
1.852 0
1.854 0
1.856 0
1.858 0
1.86 0
1.862 0
1.864 0
1.866 0
1.868 0
1.87 0
1.872 0
1.874 0
1.876 0
1.878 0
1.88 0
1.882 0
1.884 0
1.886 0
1.888 0
1.89 0
1.892 0
1.894 0
1.896 0
1.898 0
1.9 0
1.902 0
1.904 0
1.906 0
1.908 0
1.91 0
1.912 0
1.914 0
1.916 0
1.918 0
1.92 0
1.922 0
1.924 0
1.926 0
1.928 0
1.93 0
1.932 0
1.934 0
1.936 0
1.938 0
1.94 0
1.942 0
1.944 0
1.946 0
1.948 0
1.95 0
1.952 0
1.954 0
1.956 0
1.958 0
1.96 0
1.962 0
1.964 0
1.966 0
1.968 0
1.97 0
1.972 0
1.974 0
1.976 0
1.978 0
1.98 0
1.982 0
1.984 0
1.986 0
1.988 0
1.99 0
1.992 0
1.994 0
1.996 0
1.998 0
