0 9992002
0.002 4
0.004 6
0.006 5
0.008 1
0.01 0
0.012 2
0.014 1
0.016 2
0.018 1
0.02 2
0.022 2
0.024 2
0.026 5
0.028 3
0.03 6
0.032 1
0.034 3
0.036 3
0.038 3
0.04 1
0.042 1
0.044 3
0.046 1
0.048 1
0.05 4
0.052 1
0.054 2
0.056 6
0.058 3
0.06 2
0.062 1
0.064 1
0.066 7
0.068 4
0.07 4
0.072 4
0.074 0
0.076 4
0.078 2
0.08 6
0.082 0
0.084 2
0.086 7
0.088 2
0.09 3
0.092 4
0.094 6
0.096 4
0.098 1
0.1 1
0.102 1
0.104 2
0.106 0
0.108 1
0.11 1
0.112 4
0.114 1
0.116 2
0.118 6
0.12 2
0.122 2
0.124 1
0.126 5
0.128 5
0.13 1
0.132 3
0.134 5
0.136 8
0.138 2
0.14 5
0.142 5
0.144 6
0.146 1
0.148 2
0.15 1
0.152 3
0.154 3
0.156 2
0.158 3
0.16 3
0.162 3
0.164 3
0.166 3
0.168 5
0.17 2
0.172 6
0.174 4
0.176 3
0.178 4
0.18 4
0.182 6
0.184 4
0.186 3
0.188 4
0.19 4
0.192 1
0.194 3
0.196 2
0.198 3
0.2 3
0.202 2
0.204 6
0.206 4
0.208 2
0.21 2
0.212 3
0.214 7
0.216 6
0.218 17
0.22 4
0.222 6
0.224 7
0.226 6
0.228 2
0.23 5
0.232 6
0.234 7
0.236 5
0.238 3
0.24 6
0.242 9
0.244 4
0.246 0
0.248 4
0.25 5
0.252 2
0.254 6
0.256 8
0.258 2
0.26 3
0.262 2
0.264 4
0.266 1
0.268 3
0.27 6
0.272 2
0.274 2
0.276 5
0.278 4
0.28 5
0.282 2
0.284 6
0.286 7
0.288 7
0.29 4
0.292 5
0.294 1
0.296 4
0.298 3
0.3 4
0.302 7
0.304 1
0.306 1
0.308 4
0.31 2
0.312 2
0.314 4
0.316 5
0.318 4
0.32 1
0.322 2
0.324 5
0.326 3
0.328 3
0.33 2
0.332 2
0.334 1
0.336 4
0.338 4
0.34 8
0.342 1
0.344 6
0.346 1
0.348 5
0.35 8
0.352 7
0.354 2
0.356 4
0.358 3
0.36 3
0.362 4
0.364 2
0.366 5
0.368 7
0.37 9
0.372 3
0.374 2
0.376 8
0.378 5
0.38 3
0.382 2
0.384 3
0.386 5
0.388 4
0.39 2
0.392 5
0.394 5
0.396 4
0.398 6
0.4 3
0.402 4
0.404 5
0.406 5
0.408 6
0.41 5
0.412 4
0.414 4
0.416 3
0.418 4
0.42 6
0.422 2
0.424 4
0.426 1
0.428 5
0.43 4
0.432 8
0.434 1
0.436 4
0.438 7
0.44 8
0.442 1
0.444 2
0.446 3
0.448 9
0.45 6
0.452 1
0.454 7
0.456 7
0.458 6
0.46 3
0.462 3
0.464 6
0.466 5
0.468 3
0.47 3
0.472 4
0.474 6
0.476 11
0.478 9
0.48 5
0.482 3
0.484 1
0.486 2
0.488 2
0.49 2
0.492 6
0.494 7
0.496 4
0.498 4
0.5 3
0.502 5
0.504 5
0.506 6
0.508 1
0.51 3
0.512 5
0.514 5
0.516 3
0.518 5
0.52 8
0.522 2
0.524 3
0.526 3
0.528 1
0.53 6
0.532 8
0.534 8
0.536 2
0.538 2
0.54 3
0.542 5
0.544 7
0.546 4
0.548 4
0.55 4
0.552 7
0.554 8
0.556 10
0.558 4
0.56 7
0.562 13
0.564 5
0.566 6
0.568 8
0.57 3
0.572 5
0.574 6
0.576 5
0.578 8
0.58 3
0.582 12
0.584 2
0.586 5
0.588 2
0.59 7
0.592 7
0.594 9
0.596 2
0.598 7
0.6 4
0.602 9
0.604 7
0.606 3
0.608 5
0.61 4
0.612 5
0.614 5
0.616 5
0.618 6
0.62 10
0.622 4
0.624 6
0.626 6
0.628 4
0.63 5
0.632 10
0.634 5
0.636 4
0.638 7
0.64 5
0.642 1
0.644 6
0.646 3
0.648 6
0.65 9
0.652 4
0.654 4
0.656 3
0.658 1
0.66 6
0.662 3
0.664 2
0.666 5
0.668 4
0.67 5
0.672 6
0.674 7
0.676 4
0.678 5
0.68 7
0.682 3
0.684 4
0.686 5
0.688 4
0.69 6
0.692 9
0.694 6
0.696 6
0.698 3
0.7 6
0.702 6
0.704 5
0.706 3
0.708 6
0.71 7
0.712 5
0.714 8
0.716 3
0.718 10
0.72 6
0.722 4
0.724 6
0.726 4
0.728 4
0.73 8
0.732 9
0.734 8
0.736 8
0.738 3
0.74 23
0.742 8
0.744 6
0.746 4
0.748 8
0.75 7
0.752 8
0.754 3
0.756 5
0.758 5
0.76 6
0.762 9
0.764 8
0.766 5
0.768 7
0.77 5
0.772 4
0.774 3
0.776 9
0.778 9
0.78 8
0.782 6
0.784 6
0.786 10
0.788 12
0.79 4
0.792 4
0.794 8
0.796 7
0.798 11
0.8 8
0.802 4
0.804 6
0.806 5
0.808 2
0.81 8
0.812 7
0.814 4
0.816 4
0.818 8
0.82 10
0.822 6
0.824 3
0.826 7
0.828 4
0.83 8
0.832 5
0.834 5
0.836 4
0.838 4
0.84 4
0.842 8
0.844 3
0.846 4
0.848 6
0.85 4
0.852 7
0.854 10
0.856 7
0.858 2
0.86 2
0.862 2
0.864 8
0.866 6
0.868 4
0.87 7
0.872 5
0.874 6
0.876 3
0.878 7
0.88 7
0.882 6
0.884 3
0.886 3
0.888 5
0.89 8
0.892 4
0.894 9
0.896 5
0.898 5
0.9 8
0.902 5
0.904 7
0.906 5
0.908 1
0.91 9
0.912 8
0.914 5
0.916 7
0.918 6
0.92 4
0.922 6
0.924 2
0.926 3
0.928 8
0.93 7
0.932 4
0.934 5
0.936 11
0.938 6
0.94 6
0.942 5
0.944 3
0.946 10
0.948 6
0.95 7
0.952 8
0.954 8
0.956 7
0.958 7
0.96 9
0.962 8
0.964 9
0.966 9
0.968 8
0.97 7
0.972 9
0.974 6
0.976 11
0.978 10
0.98 4
0.982 3
0.984 8
0.986 7
0.988 7
0.99 7
0.992 4
0.994 8
0.996 7
0.998 6
1 6
1.002 5
1.004 6
1.006 6
1.008 9
1.01 6
1.012 11
1.014 5
1.016 7
1.018 7
1.02 3
1.022 5
1.024 6
1.026 9
1.028 5
1.03 9
1.032 11
1.034 8
1.036 4
1.038 7
1.04 1
1.042 1
1.044 4
1.046 3
1.048 1
1.05 2
1.052 1
1.054 0
1.056 1
1.058 2
1.06 0
1.062 0
1.064 0
1.066 1
1.068 1
1.07 2
1.072 2
1.074 1
1.076 1
1.078 0
1.08 0
1.082 2
1.084 1
1.086 0
1.088 2
1.09 0
1.092 0
1.094 3
1.096 0
1.098 0
1.1 0
1.102 0
1.104 0
1.106 0
1.108 0
1.11 0
1.112 0
1.114 0
1.116 0
1.118 0
1.12 0
1.122 0
1.124 0
1.126 0
1.128 1
1.13 2
1.132 0
1.134 0
1.136 0
1.138 0
1.14 0
1.142 1
1.144 0
1.146 0
1.148 0
1.15 0
1.152 0
1.154 0
1.156 0
1.158 0
1.16 0
1.162 1
1.164 0
1.166 0
1.168 0
1.17 0
1.172 0
1.174 0
1.176 0
1.178 0
1.18 0
1.182 0
1.184 0
1.186 0
1.188 0
1.19 0
1.192 0
1.194 0
1.196 0
1.198 0
1.2 0
1.202 0
1.204 0
1.206 0
1.208 0
1.21 0
1.212 0
1.214 0
1.216 0
1.218 0
1.22 0
1.222 0
1.224 0
1.226 0
1.228 0
1.23 0
1.232 0
1.234 0
1.236 1
1.238 0
1.24 0
1.242 0
1.244 0
1.246 0
1.248 0
1.25 5194
1.252 238
1.254 0
1.256 0
1.258 0
1.26 0
1.262 0
1.264 0
1.266 0
1.268 0
1.27 0
1.272 0
1.274 0
1.276 0
1.278 0
1.28 0
1.282 0
1.284 0
1.286 0
1.288 0
1.29 0
1.292 0
1.294 0
1.296 0
1.298 0
1.3 0
1.302 0
1.304 0
1.306 0
1.308 0
1.31 0
1.312 0
1.314 0
1.316 0
1.318 0
1.32 0
1.322 0
1.324 0
1.326 0
1.328 0
1.33 0
1.332 0
1.334 0
1.336 0
1.338 0
1.34 0
1.342 0
1.344 0
1.346 0
1.348 0
1.35 0
1.352 0
1.354 0
1.356 0
1.358 0
1.36 0
1.362 0
1.364 0
1.366 0
1.368 0
1.37 0
1.372 0
1.374 0
1.376 0
1.378 0
1.38 0
1.382 0
1.384 0
1.386 0
1.388 0
1.39 0
1.392 0
1.394 0
1.396 0
1.398 0
1.4 0
1.402 0
1.404 0
1.406 0
1.408 0
1.41 0
1.412 0
1.414 0
1.416 0
1.418 0
1.42 0
1.422 0
1.424 0
1.426 0
1.428 0
1.43 0
1.432 0
1.434 0
1.436 0
1.438 0
1.44 0
1.442 0
1.444 0
1.446 0
1.448 0
1.45 0
1.452 0
1.454 0
1.456 0
1.458 0
1.46 0
1.462 0
1.464 0
1.466 0
1.468 0
1.47 0
1.472 0
1.474 0
1.476 0
1.478 0
1.48 0
1.482 0
1.484 0
1.486 0
1.488 0
1.49 0
1.492 0
1.494 0
1.496 0
1.498 0
1.5 0
1.502 0
1.504 0
1.506 0
1.508 0
1.51 0
1.512 0
1.514 0
1.516 0
1.518 0
1.52 0
1.522 0
1.524 0
1.526 0
1.528 0
1.53 0
1.532 0
1.534 0
1.536 0
1.538 0
1.54 0
1.542 0
1.544 0
1.546 0
1.548 0
1.55 0
1.552 0
1.554 0
1.556 0
1.558 0
1.56 0
1.562 0
1.564 0
1.566 0
1.568 0
1.57 0
1.572 0
1.574 0
1.576 0
1.578 0
1.58 0
1.582 0
1.584 0
1.586 0
1.588 0
1.59 0
1.592 0
1.594 0
1.596 0
1.598 0
1.6 0
1.602 0
1.604 0
1.606 0
1.608 0
1.61 0
1.612 0
1.614 0
1.616 0
1.618 0
1.62 0
1.622 0
1.624 0
1.626 0
1.628 0
1.63 0
1.632 0
1.634 0
1.636 0
1.638 0
1.64 0
1.642 0
1.644 0
1.646 0
1.648 0
1.65 0
1.652 0
1.654 0
1.656 0
1.658 0
1.66 0
1.662 0
1.664 0
1.666 0
1.668 0
1.67 0
1.672 0
1.674 0
1.676 0
1.678 0
1.68 0
1.682 0
1.684 0
1.686 0
1.688 0
1.69 0
1.692 0
1.694 0
1.696 0
1.698 0
1.7 0
1.702 0
1.704 0
1.706 0
1.708 0
1.71 0
1.712 0
1.714 0
1.716 0
1.718 0
1.72 0
1.722 0
1.724 0
1.726 0
1.728 0
1.73 0
1.732 0
1.734 0
1.736 0
1.738 0
1.74 0
1.742 0
1.744 0
1.746 0
1.748 0
1.75 0
1.752 0
1.754 0
1.756 0
1.758 0
1.76 0
1.762 0
1.764 0
1.766 0
1.768 0
1.77 0
1.772 0
1.774 0
1.776 0
1.778 0
1.78 0
1.782 0
1.784 0
1.786 0
1.788 0
1.79 0
1.792 0
1.794 0
1.796 0
1.798 0
1.8 0
1.802 0
1.804 0
1.806 0
1.808 0
1.81 0
1.812 0
1.814 0
1.816 0
1.818 0
1.82 0
1.822 0
1.824 0
1.826 0
1.828 0
1.83 0
1.832 0
1.834 0
1.836 0
1.838 0
1.84 0
1.842 0
1.844 0
1.846 0
1.848 0
1.85 0
1.852 0
1.854 0
1.856 0
1.858 0
1.86 0
1.862 0
1.864 0
1.866 0
1.868 0
1.87 0
1.872 0
1.874 0
1.876 0
1.878 0
1.88 0
1.882 0
1.884 0
1.886 0
1.888 0
1.89 0
1.892 0
1.894 0
1.896 0
1.898 0
1.9 0
1.902 0
1.904 0
1.906 0
1.908 0
1.91 0
1.912 0
1.914 0
1.916 0
1.918 0
1.92 0
1.922 0
1.924 0
1.926 0
1.928 0
1.93 0
1.932 0
1.934 0
1.936 0
1.938 0
1.94 0
1.942 0
1.944 0
1.946 0
1.948 0
1.95 0
1.952 0
1.954 0
1.956 0
1.958 0
1.96 0
1.962 0
1.964 0
1.966 0
1.968 0
1.97 0
1.972 0
1.974 0
1.976 0
1.978 0
1.98 0
1.982 0
1.984 0
1.986 0
1.988 0
1.99 0
1.992 0
1.994 0
1.996 0
1.998 0
