0 9992062
0.002 4
0.004 4
0.006 3
0.008 1
0.01 6
0.012 1
0.014 3
0.016 2
0.018 2
0.02 1
0.022 6
0.024 2
0.026 2
0.028 5
0.03 1
0.032 4
0.034 5
0.036 3
0.038 2
0.04 5
0.042 3
0.044 4
0.046 2
0.048 3
0.05 3
0.052 3
0.054 1
0.056 2
0.058 3
0.06 4
0.062 3
0.064 3
0.066 4
0.068 3
0.07 3
0.072 5
0.074 3
0.076 2
0.078 2
0.08 4
0.082 5
0.084 7
0.086 3
0.088 2
0.09 6
0.092 2
0.094 4
0.096 2
0.098 2
0.1 3
0.102 2
0.104 1
0.106 3
0.108 2
0.11 4
0.112 2
0.114 5
0.116 4
0.118 7
0.12 8
0.122 8
0.124 2
0.126 0
0.128 2
0.13 0
0.132 2
0.134 4
0.136 2
0.138 2
0.14 1
0.142 4
0.144 3
0.146 3
0.148 3
0.15 4
0.152 2
0.154 0
0.156 5
0.158 4
0.16 2
0.162 2
0.164 5
0.166 5
0.168 1
0.17 2
0.172 4
0.174 7
0.176 2
0.178 4
0.18 4
0.182 3
0.184 3
0.186 3
0.188 8
0.19 4
0.192 4
0.194 5
0.196 6
0.198 0
0.2 6
0.202 7
0.204 5
0.206 4
0.208 3
0.21 4
0.212 2
0.214 3
0.216 4
0.218 3
0.22 6
0.222 5
0.224 7
0.226 4
0.228 7
0.23 14
0.232 5
0.234 7
0.236 3
0.238 2
0.24 8
0.242 4
0.244 3
0.246 4
0.248 4
0.25 8
0.252 3
0.254 4
0.256 3
0.258 6
0.26 3
0.262 5
0.264 3
0.266 6
0.268 4
0.27 4
0.272 2
0.274 6
0.276 10
0.278 6
0.28 8
0.282 4
0.284 3
0.286 3
0.288 5
0.29 6
0.292 4
0.294 8
0.296 4
0.298 6
0.3 5
0.302 3
0.304 3
0.306 6
0.308 2
0.31 5
0.312 3
0.314 6
0.316 4
0.318 6
0.32 6
0.322 7
0.324 4
0.326 5
0.328 7
0.33 5
0.332 3
0.334 3
0.336 5
0.338 3
0.34 6
0.342 1
0.344 2
0.346 2
0.348 2
0.35 5
0.352 3
0.354 8
0.356 2
0.358 6
0.36 3
0.362 4
0.364 8
0.366 4
0.368 5
0.37 3
0.372 5
0.374 2
0.376 2
0.378 4
0.38 4
0.382 3
0.384 3
0.386 6
0.388 5
0.39 7
0.392 4
0.394 7
0.396 1
0.398 6
0.4 6
0.402 7
0.404 1
0.406 6
0.408 8
0.41 4
0.412 3
0.414 4
0.416 4
0.418 7
0.42 2
0.422 6
0.424 11
0.426 10
0.428 4
0.43 9
0.432 6
0.434 8
0.436 1
0.438 2
0.44 6
0.442 4
0.444 7
0.446 5
0.448 4
0.45 3
0.452 3
0.454 6
0.456 4
0.458 3
0.46 8
0.462 8
0.464 2
0.466 2
0.468 6
0.47 9
0.472 2
0.474 5
0.476 2
0.478 7
0.48 6
0.482 6
0.484 8
0.486 4
0.488 9
0.49 7
0.492 6
0.494 7
0.496 5
0.498 6
0.5 5
0.502 4
0.504 6
0.506 7
0.508 4
0.51 3
0.512 6
0.514 8
0.516 4
0.518 4
0.52 9
0.522 8
0.524 2
0.526 5
0.528 4
0.53 6
0.532 9
0.534 5
0.536 3
0.538 8
0.54 7
0.542 8
0.544 10
0.546 2
0.548 10
0.55 10
0.552 7
0.554 6
0.556 6
0.558 3
0.56 3
0.562 5
0.564 10
0.566 11
0.568 5
0.57 6
0.572 3
0.574 5
0.576 3
0.578 9
0.58 16
0.582 5
0.584 4
0.586 7
0.588 7
0.59 6
0.592 11
0.594 2
0.596 6
0.598 9
0.6 5
0.602 4
0.604 9
0.606 3
0.608 6
0.61 3
0.612 3
0.614 9
0.616 13
0.618 4
0.62 12
0.622 9
0.624 6
0.626 5
0.628 2
0.63 6
0.632 6
0.634 6
0.636 6
0.638 2
0.64 4
0.642 9
0.644 7
0.646 2
0.648 7
0.65 4
0.652 8
0.654 9
0.656 6
0.658 7
0.66 4
0.662 4
0.664 4
0.666 5
0.668 6
0.67 3
0.672 4
0.674 8
0.676 5
0.678 3
0.68 5
0.682 10
0.684 1
0.686 5
0.688 6
0.69 6
0.692 12
0.694 8
0.696 6
0.698 3
0.7 8
0.702 5
0.704 4
0.706 9
0.708 12
0.71 10
0.712 3
0.714 7
0.716 3
0.718 3
0.72 2
0.722 8
0.724 6
0.726 4
0.728 5
0.73 4
0.732 12
0.734 5
0.736 7
0.738 1
0.74 21
0.742 4
0.744 2
0.746 4
0.748 4
0.75 6
0.752 6
0.754 2
0.756 5
0.758 9
0.76 7
0.762 7
0.764 10
0.766 5
0.768 6
0.77 3
0.772 4
0.774 7
0.776 7
0.778 7
0.78 3
0.782 5
0.784 6
0.786 13
0.788 7
0.79 7
0.792 8
0.794 8
0.796 2
0.798 4
0.8 12
0.802 9
0.804 5
0.806 4
0.808 8
0.81 8
0.812 8
0.814 6
0.816 7
0.818 5
0.82 13
0.822 7
0.824 10
0.826 4
0.828 3
0.83 4
0.832 10
0.834 6
0.836 12
0.838 6
0.84 5
0.842 12
0.844 5
0.846 6
0.848 10
0.85 7
0.852 2
0.854 2
0.856 6
0.858 5
0.86 9
0.862 8
0.864 5
0.866 6
0.868 4
0.87 8
0.872 5
0.874 8
0.876 5
0.878 3
0.88 2
0.882 9
0.884 2
0.886 3
0.888 6
0.89 9
0.892 3
0.894 9
0.896 6
0.898 7
0.9 7
0.902 9
0.904 6
0.906 7
0.908 7
0.91 7
0.912 8
0.914 10
0.916 8
0.918 9
0.92 8
0.922 11
0.924 8
0.926 7
0.928 8
0.93 6
0.932 10
0.934 7
0.936 8
0.938 5
0.94 5
0.942 6
0.944 12
0.946 6
0.948 10
0.95 3
0.952 10
0.954 3
0.956 9
0.958 6
0.96 5
0.962 5
0.964 6
0.966 8
0.968 6
0.97 5
0.972 6
0.974 10
0.976 6
0.978 15
0.98 6
0.982 8
0.984 9
0.986 8
0.988 10
0.99 5
0.992 5
0.994 7
0.996 11
0.998 10
1 14
1.002 8
1.004 6
1.006 3
1.008 7
1.01 1
1.012 0
1.014 11
1.016 6
1.018 9
1.02 5
1.022 8
1.024 11
1.026 3
1.028 6
1.03 8
1.032 6
1.034 7
1.036 1
1.038 9
1.04 0
1.042 1
1.044 4
1.046 1
1.048 3
1.05 2
1.052 1
1.054 0
1.056 1
1.058 3
1.06 2
1.062 0
1.064 1
1.066 3
1.068 1
1.07 0
1.072 2
1.074 1
1.076 0
1.078 0
1.08 2
1.082 0
1.084 1
1.086 1
1.088 1
1.09 1
1.092 1
1.094 3
1.096 0
1.098 0
1.1 2
1.102 0
1.104 2
1.106 1
1.108 1
1.11 0
1.112 1
1.114 1
1.116 1
1.118 0
1.12 0
1.122 1
1.124 0
1.126 0
1.128 0
1.13 2
1.132 0
1.134 0
1.136 0
1.138 0
1.14 0
1.142 0
1.144 1
1.146 1
1.148 0
1.15 0
1.152 0
1.154 0
1.156 0
1.158 0
1.16 0
1.162 0
1.164 0
1.166 0
1.168 0
1.17 0
1.172 0
1.174 0
1.176 0
1.178 0
1.18 0
1.182 0
1.184 0
1.186 0
1.188 2
1.19 0
1.192 0
1.194 0
1.196 0
1.198 0
1.2 0
1.202 0
1.204 0
1.206 0
1.208 0
1.21 0
1.212 0
1.214 0
1.216 0
1.218 0
1.22 0
1.222 0
1.224 0
1.226 0
1.228 0
1.23 0
1.232 0
1.234 0
1.236 0
1.238 0
1.24 0
1.242 0
1.244 0
1.246 0
1.248 0
1.25 4855
1.252 240
1.254 0
1.256 0
1.258 0
1.26 0
1.262 0
1.264 0
1.266 0
1.268 0
1.27 0
1.272 0
1.274 0
1.276 0
1.278 0
1.28 0
1.282 0
1.284 0
1.286 0
1.288 0
1.29 0
1.292 0
1.294 0
1.296 0
1.298 0
1.3 0
1.302 0
1.304 0
1.306 0
1.308 0
1.31 0
1.312 0
1.314 0
1.316 0
1.318 0
1.32 0
1.322 0
1.324 0
1.326 0
1.328 0
1.33 0
1.332 0
1.334 0
1.336 0
1.338 0
1.34 0
1.342 0
1.344 0
1.346 0
1.348 0
1.35 0
1.352 0
1.354 0
1.356 0
1.358 0
1.36 0
1.362 0
1.364 0
1.366 0
1.368 0
1.37 0
1.372 0
1.374 0
1.376 0
1.378 0
1.38 0
1.382 0
1.384 0
1.386 0
1.388 0
1.39 0
1.392 0
1.394 0
1.396 0
1.398 0
1.4 0
1.402 0
1.404 0
1.406 0
1.408 0
1.41 0
1.412 0
1.414 0
1.416 0
1.418 0
1.42 0
1.422 0
1.424 0
1.426 0
1.428 0
1.43 0
1.432 0
1.434 0
1.436 0
1.438 0
1.44 0
1.442 0
1.444 0
1.446 0
1.448 0
1.45 0
1.452 0
1.454 0
1.456 0
1.458 0
1.46 0
1.462 0
1.464 0
1.466 0
1.468 0
1.47 0
1.472 0
1.474 0
1.476 0
1.478 0
1.48 0
1.482 0
1.484 0
1.486 0
1.488 0
1.49 0
1.492 0
1.494 0
1.496 0
1.498 0
1.5 0
1.502 0
1.504 0
1.506 0
1.508 0
1.51 0
1.512 0
1.514 0
1.516 0
1.518 0
1.52 0
1.522 0
1.524 0
1.526 0
1.528 0
1.53 0
1.532 0
1.534 0
1.536 0
1.538 0
1.54 0
1.542 0
1.544 0
1.546 0
1.548 0
1.55 0
1.552 0
1.554 0
1.556 0
1.558 0
1.56 0
1.562 0
1.564 0
1.566 0
1.568 0
1.57 0
1.572 0
1.574 0
1.576 0
1.578 0
1.58 0
1.582 0
1.584 0
1.586 0
1.588 0
1.59 0
1.592 0
1.594 0
1.596 0
1.598 0
1.6 0
1.602 0
1.604 0
1.606 0
1.608 0
1.61 0
1.612 0
1.614 0
1.616 0
1.618 0
1.62 0
1.622 0
1.624 0
1.626 0
1.628 0
1.63 0
1.632 0
1.634 0
1.636 0
1.638 0
1.64 0
1.642 0
1.644 0
1.646 0
1.648 0
1.65 0
1.652 0
1.654 0
1.656 0
1.658 0
1.66 0
1.662 0
1.664 0
1.666 0
1.668 0
1.67 0
1.672 0
1.674 0
1.676 0
1.678 0
1.68 0
1.682 0
1.684 0
1.686 0
1.688 0
1.69 0
1.692 0
1.694 0
1.696 0
1.698 0
1.7 0
1.702 0
1.704 0
1.706 0
1.708 0
1.71 0
1.712 0
1.714 0
1.716 0
1.718 0
1.72 0
1.722 0
1.724 0
1.726 0
1.728 0
1.73 0
1.732 0
1.734 0
1.736 0
1.738 0
1.74 0
1.742 0
1.744 0
1.746 0
1.748 0
1.75 0
1.752 0
1.754 0
1.756 0
1.758 0
1.76 0
1.762 0
1.764 0
1.766 0
1.768 0
1.77 0
1.772 0
1.774 0
1.776 0
1.778 0
1.78 0
1.782 0
1.784 0
1.786 0
1.788 0
1.79 0
1.792 0
1.794 0
1.796 0
1.798 0
1.8 0
1.802 0
1.804 0
1.806 0
1.808 0
1.81 0
1.812 0
1.814 0
1.816 0
1.818 0
1.82 0
1.822 0
1.824 0
1.826 0
1.828 0
1.83 0
1.832 0
1.834 0
1.836 0
1.838 0
1.84 0
1.842 0
1.844 0
1.846 0
1.848 0
1.85 0
1.852 0
1.854 0
1.856 0
1.858 0
1.86 0
1.862 0
1.864 0
1.866 0
1.868 0
1.87 0
1.872 0
1.874 0
1.876 0
1.878 0
1.88 0
1.882 0
1.884 0
1.886 0
1.888 0
1.89 0
1.892 0
1.894 0
1.896 0
1.898 0
1.9 0
1.902 0
1.904 0
1.906 0
1.908 0
1.91 0
1.912 0
1.914 0
1.916 0
1.918 0
1.92 0
1.922 0
1.924 0
1.926 0
1.928 0
1.93 0
1.932 0
1.934 0
1.936 0
1.938 0
1.94 0
1.942 0
1.944 0
1.946 0
1.948 0
1.95 0
1.952 0
1.954 0
1.956 0
1.958 0
1.96 0
1.962 0
1.964 0
1.966 0
1.968 0
1.97 0
1.972 0
1.974 0
1.976 0
1.978 0
1.98 0
1.982 0
1.984 0
1.986 0
1.988 0
1.99 0
1.992 0
1.994 0
1.996 0
1.998 0
