0 9992175
0.002 4
0.004 1
0.006 3
0.008 2
0.01 4
0.012 6
0.014 1
0.016 3
0.018 3
0.02 5
0.022 3
0.024 4
0.026 1
0.028 2
0.03 3
0.032 2
0.034 3
0.036 4
0.038 1
0.04 2
0.042 3
0.044 2
0.046 3
0.048 3
0.05 2
0.052 5
0.054 3
0.056 1
0.058 3
0.06 6
0.062 4
0.064 3
0.066 5
0.068 3
0.07 3
0.072 6
0.074 6
0.076 6
0.078 3
0.08 3
0.082 3
0.084 6
0.086 6
0.088 6
0.09 1
0.092 6
0.094 3
0.096 1
0.098 4
0.1 0
0.102 3
0.104 2
0.106 4
0.108 5
0.11 3
0.112 5
0.114 2
0.116 5
0.118 2
0.12 5
0.122 0
0.124 2
0.126 8
0.128 4
0.13 4
0.132 2
0.134 5
0.136 2
0.138 7
0.14 5
0.142 2
0.144 4
0.146 4
0.148 1
0.15 2
0.152 7
0.154 2
0.156 2
0.158 3
0.16 3
0.162 2
0.164 4
0.166 3
0.168 3
0.17 7
0.172 3
0.174 3
0.176 4
0.178 5
0.18 5
0.182 5
0.184 4
0.186 5
0.188 8
0.19 5
0.192 5
0.194 5
0.196 6
0.198 4
0.2 5
0.202 5
0.204 7
0.206 7
0.208 5
0.21 4
0.212 4
0.214 5
0.216 7
0.218 6
0.22 4
0.222 6
0.224 4
0.226 5
0.228 5
0.23 3
0.232 3
0.234 2
0.236 6
0.238 8
0.24 5
0.242 4
0.244 7
0.246 7
0.248 5
0.25 8
0.252 6
0.254 6
0.256 6
0.258 5
0.26 7
0.262 4
0.264 3
0.266 4
0.268 5
0.27 5
0.272 8
0.274 8
0.276 4
0.278 8
0.28 3
0.282 8
0.284 3
0.286 6
0.288 5
0.29 4
0.292 5
0.294 4
0.296 10
0.298 4
0.3 5
0.302 6
0.304 3
0.306 2
0.308 7
0.31 3
0.312 3
0.314 2
0.316 5
0.318 8
0.32 2
0.322 2
0.324 4
0.326 2
0.328 8
0.33 4
0.332 1
0.334 4
0.336 6
0.338 6
0.34 3
0.342 7
0.344 7
0.346 5
0.348 7
0.35 1
0.352 4
0.354 6
0.356 0
0.358 5
0.36 9
0.362 3
0.364 3
0.366 5
0.368 2
0.37 6
0.372 3
0.374 3
0.376 3
0.378 6
0.38 6
0.382 5
0.384 2
0.386 6
0.388 6
0.39 2
0.392 5
0.394 2
0.396 6
0.398 3
0.4 6
0.402 3
0.404 5
0.406 6
0.408 4
0.41 4
0.412 3
0.414 3
0.416 3
0.418 7
0.42 6
0.422 7
0.424 8
0.426 4
0.428 0
0.43 4
0.432 10
0.434 6
0.436 6
0.438 3
0.44 4
0.442 9
0.444 5
0.446 3
0.448 8
0.45 9
0.452 9
0.454 2
0.456 6
0.458 1
0.46 7
0.462 6
0.464 4
0.466 3
0.468 7
0.47 5
0.472 7
0.474 4
0.476 6
0.478 3
0.48 6
0.482 2
0.484 3
0.486 4
0.488 7
0.49 4
0.492 4
0.494 6
0.496 6
0.498 5
0.5 5
0.502 5
0.504 3
0.506 6
0.508 3
0.51 7
0.512 7
0.514 6
0.516 4
0.518 5
0.52 5
0.522 3
0.524 8
0.526 7
0.528 4
0.53 3
0.532 2
0.534 6
0.536 5
0.538 6
0.54 5
0.542 7
0.544 3
0.546 9
0.548 8
0.55 8
0.552 7
0.554 8
0.556 6
0.558 4
0.56 3
0.562 7
0.564 4
0.566 6
0.568 5
0.57 7
0.572 5
0.574 6
0.576 6
0.578 3
0.58 3
0.582 2
0.584 5
0.586 11
0.588 4
0.59 6
0.592 8
0.594 7
0.596 5
0.598 6
0.6 5
0.602 6
0.604 4
0.606 8
0.608 4
0.61 8
0.612 5
0.614 6
0.616 3
0.618 7
0.62 6
0.622 5
0.624 7
0.626 7
0.628 3
0.63 5
0.632 5
0.634 6
0.636 2
0.638 7
0.64 5
0.642 7
0.644 8
0.646 6
0.648 8
0.65 8
0.652 7
0.654 5
0.656 4
0.658 8
0.66 4
0.662 5
0.664 7
0.666 5
0.668 10
0.67 6
0.672 7
0.674 6
0.676 5
0.678 11
0.68 4
0.682 11
0.684 6
0.686 10
0.688 6
0.69 0
0.692 4
0.694 5
0.696 4
0.698 11
0.7 6
0.702 5
0.704 6
0.706 7
0.708 6
0.71 3
0.712 9
0.714 7
0.716 12
0.718 11
0.72 4
0.722 11
0.724 2
0.726 7
0.728 9
0.73 9
0.732 4
0.734 6
0.736 7
0.738 6
0.74 19
0.742 12
0.744 7
0.746 7
0.748 6
0.75 10
0.752 6
0.754 9
0.756 7
0.758 8
0.76 7
0.762 4
0.764 5
0.766 8
0.768 5
0.77 8
0.772 6
0.774 9
0.776 6
0.778 7
0.78 6
0.782 7
0.784 6
0.786 6
0.788 7
0.79 9
0.792 7
0.794 9
0.796 7
0.798 7
0.8 10
0.802 8
0.804 6
0.806 11
0.808 6
0.81 9
0.812 9
0.814 6
0.816 10
0.818 10
0.82 8
0.822 6
0.824 4
0.826 10
0.828 7
0.83 4
0.832 6
0.834 7
0.836 9
0.838 8
0.84 4
0.842 9
0.844 6
0.846 14
0.848 9
0.85 9
0.852 11
0.854 9
0.856 7
0.858 11
0.86 6
0.862 7
0.864 4
0.866 8
0.868 7
0.87 12
0.872 6
0.874 8
0.876 8
0.878 15
0.88 14
0.882 9
0.884 6
0.886 8
0.888 3
0.89 10
0.892 8
0.894 10
0.896 7
0.898 9
0.9 8
0.902 7
0.904 5
0.906 8
0.908 12
0.91 13
0.912 14
0.914 5
0.916 9
0.918 12
0.92 14
0.922 9
0.924 12
0.926 8
0.928 6
0.93 14
0.932 9
0.934 7
0.936 7
0.938 4
0.94 10
0.942 12
0.944 15
0.946 7
0.948 13
0.95 12
0.952 14
0.954 10
0.956 7
0.958 8
0.96 9
0.962 6
0.964 12
0.966 11
0.968 21
0.97 11
0.972 15
0.974 6
0.976 13
0.978 14
0.98 14
0.982 11
0.984 8
0.986 13
0.988 13
0.99 7
0.992 10
0.994 11
0.996 7
0.998 4
1 11
1.002 8
1.004 8
1.006 13
1.008 11
1.01 7
1.012 8
1.014 12
1.016 16
1.018 11
1.02 14
1.022 12
1.024 14
1.026 10
1.028 8
1.03 10
1.032 10
1.034 7
1.036 11
1.038 7
1.04 3
1.042 6
1.044 3
1.046 3
1.048 3
1.05 2
1.052 5
1.054 2
1.056 1
1.058 3
1.06 0
1.062 4
1.064 4
1.066 2
1.068 2
1.07 1
1.072 1
1.074 3
1.076 5
1.078 1
1.08 2
1.082 2
1.084 0
1.086 3
1.088 1
1.09 1
1.092 2
1.094 1
1.096 2
1.098 3
1.1 2
1.102 1
1.104 0
1.106 3
1.108 0
1.11 0
1.112 0
1.114 0
1.116 0
1.118 0
1.12 1
1.122 0
1.124 1
1.126 3
1.128 0
1.13 0
1.132 1
1.134 0
1.136 1
1.138 0
1.14 0
1.142 0
1.144 1
1.146 0
1.148 0
1.15 0
1.152 0
1.154 0
1.156 1
1.158 0
1.16 0
1.162 0
1.164 0
1.166 0
1.168 0
1.17 0
1.172 0
1.174 0
1.176 0
1.178 0
1.18 0
1.182 0
1.184 0
1.186 0
1.188 0
1.19 0
1.192 0
1.194 0
1.196 1
1.198 0
1.2 1
1.202 0
1.204 0
1.206 0
1.208 0
1.21 0
1.212 0
1.214 0
1.216 0
1.218 0
1.22 0
1.222 0
1.224 0
1.226 0
1.228 0
1.23 0
1.232 0
1.234 0
1.236 0
1.238 0
1.24 0
1.242 0
1.244 0
1.246 0
1.248 0
1.25 4426
1.252 156
1.254 0
1.256 0
1.258 0
1.26 0
1.262 0
1.264 0
1.266 0
1.268 0
1.27 0
1.272 0
1.274 0
1.276 0
1.278 0
1.28 0
1.282 0
1.284 0
1.286 0
1.288 0
1.29 0
1.292 0
1.294 0
1.296 0
1.298 0
1.3 0
1.302 0
1.304 0
1.306 0
1.308 0
1.31 0
1.312 0
1.314 0
1.316 0
1.318 0
1.32 0
1.322 0
1.324 0
1.326 0
1.328 0
1.33 0
1.332 0
1.334 0
1.336 0
1.338 0
1.34 0
1.342 0
1.344 0
1.346 0
1.348 0
1.35 0
1.352 0
1.354 0
1.356 0
1.358 0
1.36 0
1.362 0
1.364 0
1.366 0
1.368 0
1.37 0
1.372 0
1.374 0
1.376 0
1.378 0
1.38 0
1.382 0
1.384 0
1.386 0
1.388 0
1.39 0
1.392 0
1.394 0
1.396 0
1.398 0
1.4 0
1.402 0
1.404 0
1.406 0
1.408 0
1.41 0
1.412 0
1.414 0
1.416 0
1.418 0
1.42 0
1.422 0
1.424 0
1.426 0
1.428 0
1.43 0
1.432 0
1.434 0
1.436 0
1.438 0
1.44 0
1.442 0
1.444 0
1.446 0
1.448 0
1.45 0
1.452 0
1.454 0
1.456 0
1.458 0
1.46 0
1.462 0
1.464 0
1.466 0
1.468 0
1.47 0
1.472 0
1.474 0
1.476 0
1.478 0
1.48 0
1.482 0
1.484 0
1.486 0
1.488 0
1.49 0
1.492 0
1.494 0
1.496 0
1.498 0
1.5 0
1.502 0
1.504 0
1.506 0
1.508 0
1.51 0
1.512 0
1.514 0
1.516 0
1.518 0
1.52 0
1.522 0
1.524 0
1.526 0
1.528 0
1.53 0
1.532 0
1.534 0
1.536 0
1.538 0
1.54 0
1.542 0
1.544 0
1.546 0
1.548 0
1.55 0
1.552 0
1.554 0
1.556 0
1.558 0
1.56 0
1.562 0
1.564 0
1.566 0
1.568 0
1.57 0
1.572 0
1.574 0
1.576 0
1.578 0
1.58 0
1.582 0
1.584 0
1.586 0
1.588 0
1.59 0
1.592 0
1.594 0
1.596 0
1.598 0
1.6 0
1.602 0
1.604 0
1.606 0
1.608 0
1.61 0
1.612 0
1.614 0
1.616 0
1.618 0
1.62 0
1.622 0
1.624 0
1.626 0
1.628 0
1.63 0
1.632 0
1.634 0
1.636 0
1.638 0
1.64 0
1.642 0
1.644 0
1.646 0
1.648 0
1.65 0
1.652 0
1.654 0
1.656 0
1.658 0
1.66 0
1.662 0
1.664 0
1.666 0
1.668 0
1.67 0
1.672 0
1.674 0
1.676 0
1.678 0
1.68 0
1.682 0
1.684 0
1.686 0
1.688 0
1.69 0
1.692 0
1.694 0
1.696 0
1.698 0
1.7 0
1.702 0
1.704 0
1.706 0
1.708 0
1.71 0
1.712 0
1.714 0
1.716 0
1.718 0
1.72 0
1.722 0
1.724 0
1.726 0
1.728 0
1.73 0
1.732 0
1.734 0
1.736 0
1.738 0
1.74 0
1.742 0
1.744 0
1.746 0
1.748 0
1.75 0
1.752 0
1.754 0
1.756 0
1.758 0
1.76 0
1.762 0
1.764 0
1.766 0
1.768 0
1.77 0
1.772 0
1.774 0
1.776 0
1.778 0
1.78 0
1.782 0
1.784 0
1.786 0
1.788 0
1.79 0
1.792 0
1.794 0
1.796 0
1.798 0
1.8 0
1.802 0
1.804 0
1.806 0
1.808 0
1.81 0
1.812 0
1.814 0
1.816 0
1.818 0
1.82 0
1.822 0
1.824 0
1.826 0
1.828 0
1.83 0
1.832 0
1.834 0
1.836 0
1.838 0
1.84 0
1.842 0
1.844 0
1.846 0
1.848 0
1.85 0
1.852 0
1.854 0
1.856 0
1.858 0
1.86 0
1.862 0
1.864 0
1.866 0
1.868 0
1.87 0
1.872 0
1.874 0
1.876 0
1.878 0
1.88 0
1.882 0
1.884 0
1.886 0
1.888 0
1.89 0
1.892 0
1.894 0
1.896 0
1.898 0
1.9 0
1.902 0
1.904 0
1.906 0
1.908 0
1.91 0
1.912 0
1.914 0
1.916 0
1.918 0
1.92 0
1.922 0
1.924 0
1.926 0
1.928 0
1.93 0
1.932 0
1.934 0
1.936 0
1.938 0
1.94 0
1.942 0
1.944 0
1.946 0
1.948 0
1.95 0
1.952 0
1.954 0
1.956 0
1.958 0
1.96 0
1.962 0
1.964 0
1.966 0
1.968 0
1.97 0
1.972 0
1.974 0
1.976 0
1.978 0
1.98 0
1.982 0
1.984 0
1.986 0
1.988 0
1.99 0
1.992 0
1.994 0
1.996 0
1.998 0
