0 9992580
0.002 3
0.004 6
0.006 4
0.008 4
0.01 2
0.012 5
0.014 3
0.016 6
0.018 9
0.02 3
0.022 5
0.024 2
0.026 4
0.028 6
0.03 1
0.032 6
0.034 3
0.036 2
0.038 6
0.04 7
0.042 2
0.044 2
0.046 1
0.048 8
0.05 3
0.052 5
0.054 1
0.056 7
0.058 5
0.06 6
0.062 5
0.064 2
0.066 3
0.068 6
0.07 2
0.072 3
0.074 5
0.076 7
0.078 4
0.08 2
0.082 7
0.084 6
0.086 5
0.088 9
0.09 4
0.092 7
0.094 4
0.096 2
0.098 6
0.1 7
0.102 7
0.104 5
0.106 4
0.108 4
0.11 7
0.112 4
0.114 2
0.116 7
0.118 5
0.12 7
0.122 3
0.124 7
0.126 6
0.128 5
0.13 4
0.132 1
0.134 7
0.136 5
0.138 3
0.14 10
0.142 3
0.144 5
0.146 4
0.148 2
0.15 5
0.152 4
0.154 3
0.156 2
0.158 3
0.16 6
0.162 6
0.164 4
0.166 4
0.168 11
0.17 5
0.172 1
0.174 5
0.176 8
0.178 4
0.18 5
0.182 4
0.184 5
0.186 6
0.188 4
0.19 2
0.192 7
0.194 10
0.196 5
0.198 2
0.2 3
0.202 3
0.204 5
0.206 2
0.208 9
0.21 5
0.212 5
0.214 4
0.216 4
0.218 7
0.22 7
0.222 3
0.224 5
0.226 8
0.228 4
0.23 10
0.232 5
0.234 4
0.236 9
0.238 4
0.24 5
0.242 8
0.244 3
0.246 6
0.248 5
0.25 4
0.252 13
0.254 5
0.256 7
0.258 3
0.26 8
0.262 4
0.264 3
0.266 4
0.268 7
0.27 6
0.272 4
0.274 5
0.276 2
0.278 10
0.28 7
0.282 4
0.284 4
0.286 5
0.288 5
0.29 8
0.292 8
0.294 2
0.296 6
0.298 4
0.3 11
0.302 7
0.304 4
0.306 7
0.308 11
0.31 6
0.312 3
0.314 3
0.316 6
0.318 4
0.32 8
0.322 4
0.324 14
0.326 5
0.328 7
0.33 4
0.332 10
0.334 7
0.336 10
0.338 5
0.34 3
0.342 6
0.344 6
0.346 9
0.348 12
0.35 4
0.352 5
0.354 3
0.356 7
0.358 10
0.36 4
0.362 6
0.364 4
0.366 8
0.368 7
0.37 4
0.372 6
0.374 10
0.376 5
0.378 6
0.38 6
0.382 8
0.384 5
0.386 6
0.388 2
0.39 5
0.392 9
0.394 5
0.396 4
0.398 11
0.4 6
0.402 6
0.404 1
0.406 9
0.408 8
0.41 4
0.412 9
0.414 7
0.416 6
0.418 8
0.42 7
0.422 6
0.424 10
0.426 4
0.428 2
0.43 6
0.432 9
0.434 3
0.436 13
0.438 6
0.44 4
0.442 9
0.444 4
0.446 8
0.448 5
0.45 9
0.452 12
0.454 6
0.456 7
0.458 5
0.46 6
0.462 9
0.464 4
0.466 6
0.468 1
0.47 8
0.472 11
0.474 11
0.476 8
0.478 5
0.48 6
0.482 5
0.484 4
0.486 7
0.488 5
0.49 5
0.492 6
0.494 3
0.496 9
0.498 1
0.5 9
0.502 4
0.504 8
0.506 11
0.508 7
0.51 7
0.512 5
0.514 5
0.516 9
0.518 3
0.52 11
0.522 7
0.524 6
0.526 3
0.528 7
0.53 7
0.532 12
0.534 7
0.536 6
0.538 8
0.54 12
0.542 7
0.544 4
0.546 7
0.548 5
0.55 6
0.552 6
0.554 7
0.556 5
0.558 8
0.56 7
0.562 9
0.564 5
0.566 9
0.568 11
0.57 10
0.572 8
0.574 7
0.576 13
0.578 7
0.58 4
0.582 11
0.584 11
0.586 6
0.588 9
0.59 10
0.592 6
0.594 5
0.596 8
0.598 11
0.6 5
0.602 7
0.604 3
0.606 11
0.608 10
0.61 9
0.612 10
0.614 7
0.616 7
0.618 12
0.62 9
0.622 7
0.624 10
0.626 12
0.628 8
0.63 10
0.632 12
0.634 8
0.636 9
0.638 7
0.64 8
0.642 4
0.644 10
0.646 9
0.648 14
0.65 6
0.652 8
0.654 8
0.656 5
0.658 4
0.66 7
0.662 9
0.664 12
0.666 9
0.668 5
0.67 6
0.672 10
0.674 7
0.676 8
0.678 8
0.68 9
0.682 5
0.684 15
0.686 3
0.688 8
0.69 7
0.692 7
0.694 11
0.696 7
0.698 7
0.7 8
0.702 8
0.704 14
0.706 12
0.708 11
0.71 16
0.712 12
0.714 7
0.716 13
0.718 6
0.72 9
0.722 10
0.724 5
0.726 13
0.728 10
0.73 9
0.732 14
0.734 16
0.736 10
0.738 9
0.74 17
0.742 13
0.744 16
0.746 11
0.748 10
0.75 10
0.752 13
0.754 10
0.756 12
0.758 10
0.76 2
0.762 11
0.764 10
0.766 12
0.768 8
0.77 9
0.772 11
0.774 11
0.776 15
0.778 12
0.78 14
0.782 15
0.784 8
0.786 10
0.788 4
0.79 9
0.792 8
0.794 10
0.796 13
0.798 10
0.8 16
0.802 16
0.804 13
0.806 4
0.808 9
0.81 11
0.812 10
0.814 14
0.816 9
0.818 16
0.82 16
0.822 12
0.824 12
0.826 14
0.828 14
0.83 16
0.832 11
0.834 9
0.836 12
0.838 11
0.84 10
0.842 14
0.844 11
0.846 16
0.848 9
0.85 11
0.852 16
0.854 10
0.856 11
0.858 9
0.86 9
0.862 11
0.864 20
0.866 10
0.868 11
0.87 10
0.872 17
0.874 24
0.876 14
0.878 22
0.88 21
0.882 16
0.884 20
0.886 18
0.888 16
0.89 23
0.892 17
0.894 20
0.896 19
0.898 21
0.9 17
0.902 15
0.904 19
0.906 18
0.908 15
0.91 19
0.912 18
0.914 16
0.916 11
0.918 14
0.92 18
0.922 16
0.924 11
0.926 16
0.928 12
0.93 17
0.932 18
0.934 16
0.936 17
0.938 16
0.94 18
0.942 20
0.944 16
0.946 22
0.948 18
0.95 19
0.952 16
0.954 24
0.956 19
0.958 27
0.96 25
0.962 25
0.964 27
0.966 14
0.968 19
0.97 21
0.972 22
0.974 17
0.976 37
0.978 20
0.98 19
0.982 19
0.984 13
0.986 22
0.988 23
0.99 24
0.992 16
0.994 23
0.996 15
0.998 25
1 20
1.002 26
1.004 26
1.006 28
1.008 27
1.01 18
1.012 37
1.014 29
1.016 20
1.018 15
1.02 21
1.022 28
1.024 37
1.026 23
1.028 27
1.03 25
1.032 31
1.034 19
1.036 22
1.038 24
1.04 10
1.042 18
1.044 12
1.046 16
1.048 10
1.05 12
1.052 13
1.054 10
1.056 12
1.058 13
1.06 16
1.062 13
1.064 7
1.066 18
1.068 7
1.07 16
1.072 13
1.074 10
1.076 12
1.078 11
1.08 13
1.082 11
1.084 7
1.086 10
1.088 6
1.09 9
1.092 9
1.094 6
1.096 11
1.098 8
1.1 8
1.102 9
1.104 16
1.106 12
1.108 6
1.11 9
1.112 5
1.114 9
1.116 6
1.118 8
1.12 5
1.122 5
1.124 5
1.126 5
1.128 6
1.13 2
1.132 3
1.134 6
1.136 3
1.138 3
1.14 3
1.142 1
1.144 4
1.146 0
1.148 1
1.15 2
1.152 0
1.154 3
1.156 1
1.158 1
1.16 0
1.162 0
1.164 1
1.166 1
1.168 0
1.17 0
1.172 0
1.174 0
1.176 0
1.178 0
1.18 0
1.182 0
1.184 0
1.186 0
1.188 0
1.19 0
1.192 0
1.194 0
1.196 0
1.198 0
1.2 0
1.202 0
1.204 0
1.206 0
1.208 0
1.21 0
1.212 0
1.214 0
1.216 0
1.218 1
1.22 0
1.222 0
1.224 0
1.226 0
1.228 0
1.23 0
1.232 0
1.234 0
1.236 0
1.238 0
1.24 0
1.242 0
1.244 0
1.246 0
1.248 0
1.25 2027
1.252 62
1.254 0
1.256 0
1.258 0
1.26 0
1.262 0
1.264 0
1.266 0
1.268 0
1.27 0
1.272 0
1.274 0
1.276 0
1.278 0
1.28 0
1.282 0
1.284 0
1.286 0
1.288 0
1.29 0
1.292 0
1.294 0
1.296 0
1.298 0
1.3 0
1.302 0
1.304 0
1.306 0
1.308 0
1.31 0
1.312 0
1.314 0
1.316 0
1.318 0
1.32 0
1.322 0
1.324 0
1.326 0
1.328 0
1.33 0
1.332 0
1.334 0
1.336 0
1.338 0
1.34 0
1.342 0
1.344 0
1.346 0
1.348 0
1.35 0
1.352 0
1.354 0
1.356 0
1.358 0
1.36 0
1.362 0
1.364 0
1.366 0
1.368 0
1.37 0
1.372 0
1.374 0
1.376 0
1.378 0
1.38 0
1.382 0
1.384 0
1.386 0
1.388 0
1.39 0
1.392 0
1.394 0
1.396 0
1.398 0
1.4 0
1.402 0
1.404 0
1.406 0
1.408 0
1.41 0
1.412 0
1.414 0
1.416 0
1.418 0
1.42 0
1.422 0
1.424 0
1.426 0
1.428 0
1.43 0
1.432 0
1.434 0
1.436 0
1.438 0
1.44 0
1.442 0
1.444 0
1.446 0
1.448 0
1.45 0
1.452 0
1.454 0
1.456 0
1.458 0
1.46 0
1.462 0
1.464 0
1.466 0
1.468 0
1.47 0
1.472 0
1.474 0
1.476 0
1.478 0
1.48 0
1.482 0
1.484 0
1.486 0
1.488 0
1.49 0
1.492 0
1.494 0
1.496 0
1.498 0
1.5 0
1.502 0
1.504 0
1.506 0
1.508 0
1.51 0
1.512 0
1.514 0
1.516 0
1.518 0
1.52 0
1.522 0
1.524 0
1.526 0
1.528 0
1.53 0
1.532 0
1.534 0
1.536 0
1.538 0
1.54 0
1.542 0
1.544 0
1.546 0
1.548 0
1.55 0
1.552 0
1.554 0
1.556 0
1.558 0
1.56 0
1.562 0
1.564 0
1.566 0
1.568 0
1.57 0
1.572 0
1.574 0
1.576 0
1.578 0
1.58 0
1.582 0
1.584 0
1.586 0
1.588 0
1.59 0
1.592 0
1.594 0
1.596 0
1.598 0
1.6 0
1.602 0
1.604 0
1.606 0
1.608 0
1.61 0
1.612 0
1.614 0
1.616 0
1.618 0
1.62 0
1.622 0
1.624 0
1.626 0
1.628 0
1.63 0
1.632 0
1.634 0
1.636 0
1.638 0
1.64 0
1.642 0
1.644 0
1.646 0
1.648 0
1.65 0
1.652 0
1.654 0
1.656 0
1.658 0
1.66 0
1.662 0
1.664 0
1.666 0
1.668 0
1.67 0
1.672 0
1.674 0
1.676 0
1.678 0
1.68 0
1.682 0
1.684 0
1.686 0
1.688 0
1.69 0
1.692 0
1.694 0
1.696 0
1.698 0
1.7 0
1.702 0
1.704 0
1.706 0
1.708 0
1.71 0
1.712 0
1.714 0
1.716 0
1.718 0
1.72 0
1.722 0
1.724 0
1.726 0
1.728 0
1.73 0
1.732 0
1.734 0
1.736 0
1.738 0
1.74 0
1.742 0
1.744 0
1.746 0
1.748 0
1.75 0
1.752 0
1.754 0
1.756 0
1.758 0
1.76 0
1.762 0
1.764 0
1.766 0
1.768 0
1.77 0
1.772 0
1.774 0
1.776 0
1.778 0
1.78 0
1.782 0
1.784 0
1.786 0
1.788 0
1.79 0
1.792 0
1.794 0
1.796 0
1.798 0
1.8 0
1.802 0
1.804 0
1.806 0
1.808 0
1.81 0
1.812 0
1.814 0
1.816 0
1.818 0
1.82 0
1.822 0
1.824 0
1.826 0
1.828 0
1.83 0
1.832 0
1.834 0
1.836 0
1.838 0
1.84 0
1.842 0
1.844 0
1.846 0
1.848 0
1.85 0
1.852 0
1.854 0
1.856 0
1.858 0
1.86 0
1.862 0
1.864 0
1.866 0
1.868 0
1.87 0
1.872 0
1.874 0
1.876 0
1.878 0
1.88 0
1.882 0
1.884 0
1.886 0
1.888 0
1.89 0
1.892 0
1.894 0
1.896 0
1.898 0
1.9 0
1.902 0
1.904 0
1.906 0
1.908 0
1.91 0
1.912 0
1.914 0
1.916 0
1.918 0
1.92 0
1.922 0
1.924 0
1.926 0
1.928 0
1.93 0
1.932 0
1.934 0
1.936 0
1.938 0
1.94 0
1.942 0
1.944 0
1.946 0
1.948 0
1.95 0
1.952 0
1.954 0
1.956 0
1.958 0
1.96 0
1.962 0
1.964 0
1.966 0
1.968 0
1.97 0
1.972 0
1.974 0
1.976 0
1.978 0
1.98 0
1.982 0
1.984 0
1.986 0
1.988 0
1.99 0
1.992 0
1.994 0
1.996 0
1.998 0
